decay2Dmodel.grd
DSAA
 40 40
 1.000000 40.000000
 1.000000 40.000000
 0.100000 0.300000
0.1  0.1  0.1  0.1  0.1  0.1  0.1  0.1  0.1  0.1  0.1  0.1  0.1  0.1  0.1  0.1  0.1  0.1  0.1  0.1  0.1  0.1  0.1  0.1  0.1  0.1  0.1  0.1  0.1  0.1  0.1  0.1  0.1  0.1  0.1  0.1  0.1  0.1  0.1  0.1  
0.1  0.100132  0.100516  0.101111  0.101857  0.102677  0.103486  0.104201  0.104748  0.105072  0.105146  0.105146  0.105146  0.105146  0.105146  0.105146  0.105146  0.105146  0.105146  0.105146  0.105146  0.105146  0.105146  0.105146  0.105146  0.105146  0.105146  0.105146  0.105146  0.105146  0.105072  0.104748  0.104201  0.103486  0.102677  0.101857  0.101111  0.100516  0.100132  0.1  
0.1  0.100516  0.102011  0.104331  0.107238  0.110432  0.113584  0.11637  0.118503  0.119764  0.120056  0.120056  0.120056  0.120056  0.120056  0.120056  0.120056  0.120056  0.120056  0.120056  0.120056  0.120056  0.120056  0.120056  0.120056  0.120056  0.120056  0.120056  0.120056  0.120056  0.119764  0.118503  0.11637  0.113584  0.110432  0.107238  0.104331  0.102011  0.100516  0.1  
0.1  0.101111  0.104331  0.109328  0.115588  0.122466  0.129255  0.135256  0.13985  0.142566  0.143194  0.143194  0.143194  0.143194  0.143194  0.143194  0.143194  0.143194  0.143194  0.143194  0.143194  0.143194  0.143194  0.143194  0.143194  0.143194  0.143194  0.143194  0.143194  0.143194  0.142566  0.13985  0.135256  0.129255  0.122466  0.115588  0.109328  0.104331  0.101111  0.1  
0.1  0.101857  0.107238  0.115588  0.126049  0.137542  0.148887  0.158914  0.166591  0.17113  0.172178  0.172178  0.172178  0.172178  0.172178  0.172178  0.172178  0.172178  0.172178  0.172178  0.172178  0.172178  0.172178  0.172178  0.172178  0.172178  0.172178  0.172178  0.172178  0.172178  0.17113  0.166591  0.158914  0.148887  0.137542  0.126049  0.115588  0.107238  0.101857  0.1  
0.1  0.102677  0.110432  0.122466  0.137542  0.154108  0.170457  0.184909  0.195974  0.202515  0.204027  0.204027  0.204027  0.204027  0.204027  0.204027  0.204027  0.204027  0.204027  0.204027  0.204027  0.204027  0.204027  0.204027  0.204027  0.204027  0.204027  0.204027  0.204027  0.204027  0.202515  0.195974  0.184909  0.170457  0.154108  0.137542  0.122466  0.110432  0.102677  0.1  
0.1  0.103486  0.113584  0.129255  0.148887  0.170457  0.191748  0.210566  0.224975  0.233492  0.23546  0.23546  0.23546  0.23546  0.23546  0.23546  0.23546  0.23546  0.23546  0.23546  0.23546  0.23546  0.23546  0.23546  0.23546  0.23546  0.23546  0.23546  0.23546  0.23546  0.233492  0.224975  0.210566  0.191748  0.170457  0.148887  0.129255  0.113584  0.103486  0.1  
0.1  0.104201  0.11637  0.135256  0.158914  0.184909  0.210566  0.233244  0.250609  0.260873  0.263245  0.263245  0.263245  0.263245  0.263245  0.263245  0.263245  0.263245  0.263245  0.263245  0.263245  0.263245  0.263245  0.263245  0.263245  0.263245  0.263245  0.263245  0.263245  0.263245  0.260873  0.250609  0.233244  0.210566  0.184909  0.158914  0.135256  0.11637  0.104201  0.1  
0.1  0.104748  0.118503  0.13985  0.166591  0.195974  0.224975  0.250609  0.270236  0.281838  0.284519  0.284519  0.284519  0.284519  0.284519  0.284519  0.284519  0.284519  0.284519  0.284519  0.284519  0.284519  0.284519  0.284519  0.284519  0.284519  0.284519  0.284519  0.284519  0.284519  0.281838  0.270236  0.250609  0.224975  0.195974  0.166591  0.13985  0.118503  0.104748  0.1  
0.1  0.105072  0.119764  0.142566  0.17113  0.202515  0.233492  0.260873  0.281838  0.294231  0.297094  0.297094  0.297094  0.297094  0.297094  0.297094  0.297094  0.297094  0.297094  0.297094  0.297094  0.297094  0.297094  0.297094  0.297094  0.297094  0.297094  0.297094  0.297094  0.297094  0.294231  0.281838  0.260873  0.233492  0.202515  0.17113  0.142566  0.119764  0.105072  0.1  
0.1  0.105146  0.120056  0.143194  0.172178  0.204027  0.23546  0.263245  0.284519  0.297094  0.3  0.3  0.3  0.3  0.3  0.3  0.3  0.3  0.3  0.3  0.3  0.3  0.3  0.3  0.3  0.3  0.3  0.3  0.3  0.3  0.297094  0.284519  0.263245  0.23546  0.204027  0.172178  0.143194  0.120056  0.105146  0.1  
0.1  0.105146  0.120056  0.143194  0.172178  0.204027  0.23546  0.263245  0.284519  0.297094  0.3  0.3  0.3  0.3  0.3  0.3  0.3  0.3  0.3  0.3  0.3  0.3  0.3  0.3  0.3  0.3  0.3  0.3  0.3  0.3  0.297094  0.284519  0.263245  0.23546  0.204027  0.172178  0.143194  0.120056  0.105146  0.1  
0.1  0.105146  0.120056  0.143194  0.172178  0.204027  0.23546  0.263245  0.284519  0.297094  0.3  0.3  0.3  0.3  0.3  0.3  0.3  0.3  0.3  0.3  0.3  0.3  0.3  0.3  0.3  0.3  0.3  0.3  0.3  0.3  0.297094  0.284519  0.263245  0.23546  0.204027  0.172178  0.143194  0.120056  0.105146  0.1  
0.1  0.105146  0.120056  0.143194  0.172178  0.204027  0.23546  0.263245  0.284519  0.297094  0.3  0.3  0.3  0.3  0.3  0.3  0.3  0.3  0.3  0.3  0.3  0.3  0.3  0.3  0.3  0.3  0.3  0.3  0.3  0.3  0.297094  0.284519  0.263245  0.23546  0.204027  0.172178  0.143194  0.120056  0.105146  0.1  
0.1  0.105146  0.120056  0.143194  0.172178  0.204027  0.23546  0.263245  0.284519  0.297094  0.3  0.3  0.3  0.3  0.3  0.3  0.3  0.3  0.3  0.3  0.3  0.3  0.3  0.3  0.3  0.3  0.3  0.3  0.3  0.3  0.297094  0.284519  0.263245  0.23546  0.204027  0.172178  0.143194  0.120056  0.105146  0.1  
0.1  0.105146  0.120056  0.143194  0.172178  0.204027  0.23546  0.263245  0.284519  0.297094  0.3  0.3  0.3  0.3  0.3  0.3  0.3  0.3  0.3  0.3  0.3  0.3  0.3  0.3  0.3  0.3  0.3  0.3  0.3  0.3  0.297094  0.284519  0.263245  0.23546  0.204027  0.172178  0.143194  0.120056  0.105146  0.1  
0.1  0.105146  0.120056  0.143194  0.172178  0.204027  0.23546  0.263245  0.284519  0.297094  0.3  0.3  0.3  0.3  0.3  0.3  0.3  0.3  0.3  0.3  0.3  0.3  0.3  0.3  0.3  0.3  0.3  0.3  0.3  0.3  0.297094  0.284519  0.263245  0.23546  0.204027  0.172178  0.143194  0.120056  0.105146  0.1  
0.1  0.105146  0.120056  0.143194  0.172178  0.204027  0.23546  0.263245  0.284519  0.297094  0.3  0.3  0.3  0.3  0.3  0.3  0.3  0.3  0.3  0.3  0.3  0.3  0.3  0.3  0.3  0.3  0.3  0.3  0.3  0.3  0.297094  0.284519  0.263245  0.23546  0.204027  0.172178  0.143194  0.120056  0.105146  0.1  
0.1  0.105146  0.120056  0.143194  0.172178  0.204027  0.23546  0.263245  0.284519  0.297094  0.3  0.3  0.3  0.3  0.3  0.3  0.3  0.3  0.3  0.3  0.3  0.3  0.3  0.3  0.3  0.3  0.3  0.3  0.3  0.3  0.297094  0.284519  0.263245  0.23546  0.204027  0.172178  0.143194  0.120056  0.105146  0.1  
0.1  0.105146  0.120056  0.143194  0.172178  0.204027  0.23546  0.263245  0.284519  0.297094  0.3  0.3  0.3  0.3  0.3  0.3  0.3  0.3  0.3  0.3  0.3  0.3  0.3  0.3  0.3  0.3  0.3  0.3  0.3  0.3  0.297094  0.284519  0.263245  0.23546  0.204027  0.172178  0.143194  0.120056  0.105146  0.1  
0.1  0.105146  0.120056  0.143194  0.172178  0.204027  0.23546  0.263245  0.284519  0.297094  0.3  0.3  0.3  0.3  0.3  0.3  0.3  0.3  0.3  0.3  0.3  0.3  0.3  0.3  0.3  0.3  0.3  0.3  0.3  0.3  0.297094  0.284519  0.263245  0.23546  0.204027  0.172178  0.143194  0.120056  0.105146  0.1  
0.1  0.105146  0.120056  0.143194  0.172178  0.204027  0.23546  0.263245  0.284519  0.297094  0.3  0.3  0.3  0.3  0.3  0.3  0.3  0.3  0.3  0.3  0.3  0.3  0.3  0.3  0.3  0.3  0.3  0.3  0.3  0.3  0.297094  0.284519  0.263245  0.23546  0.204027  0.172178  0.143194  0.120056  0.105146  0.1  
0.1  0.105146  0.120056  0.143194  0.172178  0.204027  0.23546  0.263245  0.284519  0.297094  0.3  0.3  0.3  0.3  0.3  0.3  0.3  0.3  0.3  0.3  0.3  0.3  0.3  0.3  0.3  0.3  0.3  0.3  0.3  0.3  0.297094  0.284519  0.263245  0.23546  0.204027  0.172178  0.143194  0.120056  0.105146  0.1  
0.1  0.105146  0.120056  0.143194  0.172178  0.204027  0.23546  0.263245  0.284519  0.297094  0.3  0.3  0.3  0.3  0.3  0.3  0.3  0.3  0.3  0.3  0.3  0.3  0.3  0.3  0.3  0.3  0.3  0.3  0.3  0.3  0.297094  0.284519  0.263245  0.23546  0.204027  0.172178  0.143194  0.120056  0.105146  0.1  
0.1  0.105146  0.120056  0.143194  0.172178  0.204027  0.23546  0.263245  0.284519  0.297094  0.3  0.3  0.3  0.3  0.3  0.3  0.3  0.3  0.3  0.3  0.3  0.3  0.3  0.3  0.3  0.3  0.3  0.3  0.3  0.3  0.297094  0.284519  0.263245  0.23546  0.204027  0.172178  0.143194  0.120056  0.105146  0.1  
0.1  0.105146  0.120056  0.143194  0.172178  0.204027  0.23546  0.263245  0.284519  0.297094  0.3  0.3  0.3  0.3  0.3  0.3  0.3  0.3  0.3  0.3  0.3  0.3  0.3  0.3  0.3  0.3  0.3  0.3  0.3  0.3  0.297094  0.284519  0.263245  0.23546  0.204027  0.172178  0.143194  0.120056  0.105146  0.1  
0.1  0.105146  0.120056  0.143194  0.172178  0.204027  0.23546  0.263245  0.284519  0.297094  0.3  0.3  0.3  0.3  0.3  0.3  0.3  0.3  0.3  0.3  0.3  0.3  0.3  0.3  0.3  0.3  0.3  0.3  0.3  0.3  0.297094  0.284519  0.263245  0.23546  0.204027  0.172178  0.143194  0.120056  0.105146  0.1  
0.1  0.105146  0.120056  0.143194  0.172178  0.204027  0.23546  0.263245  0.284519  0.297094  0.3  0.3  0.3  0.3  0.3  0.3  0.3  0.3  0.3  0.3  0.3  0.3  0.3  0.3  0.3  0.3  0.3  0.3  0.3  0.3  0.297094  0.284519  0.263245  0.23546  0.204027  0.172178  0.143194  0.120056  0.105146  0.1  
0.1  0.105146  0.120056  0.143194  0.172178  0.204027  0.23546  0.263245  0.284519  0.297094  0.3  0.3  0.3  0.3  0.3  0.3  0.3  0.3  0.3  0.3  0.3  0.3  0.3  0.3  0.3  0.3  0.3  0.3  0.3  0.3  0.297094  0.284519  0.263245  0.23546  0.204027  0.172178  0.143194  0.120056  0.105146  0.1  
0.1  0.105146  0.120056  0.143194  0.172178  0.204027  0.23546  0.263245  0.284519  0.297094  0.3  0.3  0.3  0.3  0.3  0.3  0.3  0.3  0.3  0.3  0.3  0.3  0.3  0.3  0.3  0.3  0.3  0.3  0.3  0.3  0.297094  0.284519  0.263245  0.23546  0.204027  0.172178  0.143194  0.120056  0.105146  0.1  
0.1  0.105072  0.119764  0.142566  0.17113  0.202515  0.233492  0.260873  0.281838  0.294231  0.297094  0.297094  0.297094  0.297094  0.297094  0.297094  0.297094  0.297094  0.297094  0.297094  0.297094  0.297094  0.297094  0.297094  0.297094  0.297094  0.297094  0.297094  0.297094  0.297094  0.294231  0.281838  0.260873  0.233492  0.202515  0.17113  0.142566  0.119764  0.105072  0.1  
0.1  0.104748  0.118503  0.13985  0.166591  0.195974  0.224975  0.250609  0.270236  0.281838  0.284519  0.284519  0.284519  0.284519  0.284519  0.284519  0.284519  0.284519  0.284519  0.284519  0.284519  0.284519  0.284519  0.284519  0.284519  0.284519  0.284519  0.284519  0.284519  0.284519  0.281838  0.270236  0.250609  0.224975  0.195974  0.166591  0.13985  0.118503  0.104748  0.1  
0.1  0.104201  0.11637  0.135256  0.158914  0.184909  0.210566  0.233244  0.250609  0.260873  0.263245  0.263245  0.263245  0.263245  0.263245  0.263245  0.263245  0.263245  0.263245  0.263245  0.263245  0.263245  0.263245  0.263245  0.263245  0.263245  0.263245  0.263245  0.263245  0.263245  0.260873  0.250609  0.233244  0.210566  0.184909  0.158914  0.135256  0.11637  0.104201  0.1  
0.1  0.103486  0.113584  0.129255  0.148887  0.170457  0.191748  0.210566  0.224975  0.233492  0.23546  0.23546  0.23546  0.23546  0.23546  0.23546  0.23546  0.23546  0.23546  0.23546  0.23546  0.23546  0.23546  0.23546  0.23546  0.23546  0.23546  0.23546  0.23546  0.23546  0.233492  0.224975  0.210566  0.191748  0.170457  0.148887  0.129255  0.113584  0.103486  0.1  
0.1  0.102677  0.110432  0.122466  0.137542  0.154108  0.170457  0.184909  0.195974  0.202515  0.204027  0.204027  0.204027  0.204027  0.204027  0.204027  0.204027  0.204027  0.204027  0.204027  0.204027  0.204027  0.204027  0.204027  0.204027  0.204027  0.204027  0.204027  0.204027  0.204027  0.202515  0.195974  0.184909  0.170457  0.154108  0.137542  0.122466  0.110432  0.102677  0.1  
0.1  0.101857  0.107238  0.115588  0.126049  0.137542  0.148887  0.158914  0.166591  0.17113  0.172178  0.172178  0.172178  0.172178  0.172178  0.172178  0.172178  0.172178  0.172178  0.172178  0.172178  0.172178  0.172178  0.172178  0.172178  0.172178  0.172178  0.172178  0.172178  0.172178  0.17113  0.166591  0.158914  0.148887  0.137542  0.126049  0.115588  0.107238  0.101857  0.1  
0.1  0.101111  0.104331  0.109328  0.115588  0.122466  0.129255  0.135256  0.13985  0.142566  0.143194  0.143194  0.143194  0.143194  0.143194  0.143194  0.143194  0.143194  0.143194  0.143194  0.143194  0.143194  0.143194  0.143194  0.143194  0.143194  0.143194  0.143194  0.143194  0.143194  0.142566  0.13985  0.135256  0.129255  0.122466  0.115588  0.109328  0.104331  0.101111  0.1  
0.1  0.100516  0.102011  0.104331  0.107238  0.110432  0.113584  0.11637  0.118503  0.119764  0.120056  0.120056  0.120056  0.120056  0.120056  0.120056  0.120056  0.120056  0.120056  0.120056  0.120056  0.120056  0.120056  0.120056  0.120056  0.120056  0.120056  0.120056  0.120056  0.120056  0.119764  0.118503  0.11637  0.113584  0.110432  0.107238  0.104331  0.102011  0.100516  0.1  
0.1  0.100132  0.100516  0.101111  0.101857  0.102677  0.103486  0.104201  0.104748  0.105072  0.105146  0.105146  0.105146  0.105146  0.105146  0.105146  0.105146  0.105146  0.105146  0.105146  0.105146  0.105146  0.105146  0.105146  0.105146  0.105146  0.105146  0.105146  0.105146  0.105146  0.105072  0.104748  0.104201  0.103486  0.102677  0.101857  0.101111  0.100516  0.100132  0.1  
0.1  0.1  0.1  0.1  0.1  0.1  0.1  0.1  0.1  0.1  0.1  0.1  0.1  0.1  0.1  0.1  0.1  0.1  0.1  0.1  0.1  0.1  0.1  0.1  0.1  0.1  0.1  0.1  0.1  0.1  0.1  0.1  0.1  0.1  0.1  0.1  0.1  0.1  0.1  0.1  
