depth_model.grd
DSAA
 40 40
 1.000000 40.000000
 1.000000 40.000000
 0.000000 2.000000
0  0  0  0  0  0  0  0  0  0  0  0  0  0  0  0  0  0  0  0  0  0  0  0  0  0  0  0  0  0  0  0  0  0  0  0  0  0  0  0  
0  0.000127668  0.000506591  0.00112466  0.00196212  0.00299221  0.00418201  0.0054935  0.00688475  0.00831132  0.0097276  0.0110883  0.0123501  0.0134724  0.0144195  0.0151612  0.0156736  0.0159405  0.0159792  0.0159792  0.0159792  0.0159792  0.0159405  0.0156736  0.0151612  0.0144195  0.0134724  0.0123501  0.0110883  0.0097276  0.00831132  0.00688475  0.0054935  0.00418201  0.00299221  0.00196212  0.00112466  0.000506591  0.000127668  0  
0  0.000506591  0.00201017  0.00446269  0.00778578  0.0118732  0.0165944  0.0217984  0.027319  0.0329797  0.0385995  0.043999  0.0490055  0.0534591  0.0572174  0.0601602  0.0621937  0.0632527  0.0634062  0.0634062  0.0634062  0.0634062  0.0632527  0.0621937  0.0601602  0.0572174  0.0534591  0.0490055  0.043999  0.0385995  0.0329797  0.027319  0.0217984  0.0165944  0.0118732  0.00778578  0.00446269  0.00201017  0.000506591  0  
0  0.00112466  0.00446269  0.00990743  0.0172849  0.0263592  0.0368405  0.0483937  0.0606496  0.0732166  0.0856931  0.0976802  0.108795  0.118682  0.127026  0.133559  0.138073  0.140424  0.140765  0.140765  0.140765  0.140765  0.140424  0.138073  0.133559  0.127026  0.118682  0.108795  0.0976802  0.0856931  0.0732166  0.0606496  0.0483937  0.0368405  0.0263592  0.0172849  0.00990743  0.00446269  0.00112466  0  
0  0.00196212  0.00778578  0.0172849  0.0301558  0.0459872  0.0642732  0.0844294  0.105812  0.127736  0.149503  0.170416  0.189808  0.207057  0.221614  0.233012  0.240888  0.244989  0.245584  0.245584  0.245584  0.245584  0.244989  0.240888  0.233012  0.221614  0.207057  0.189808  0.170416  0.149503  0.127736  0.105812  0.0844294  0.0642732  0.0459872  0.0301558  0.0172849  0.00778578  0.00196212  0  
0  0.00299221  0.0118732  0.0263592  0.0459872  0.07013  0.0980159  0.128754  0.161361  0.194797  0.227991  0.259883  0.289454  0.31576  0.337958  0.35534  0.367351  0.373606  0.374513  0.374513  0.374513  0.374513  0.373606  0.367351  0.35534  0.337958  0.31576  0.289454  0.259883  0.227991  0.194797  0.161361  0.128754  0.0980159  0.07013  0.0459872  0.0263592  0.0118732  0.00299221  0  
0  0.00418201  0.0165944  0.0368405  0.0642732  0.0980159  0.13699  0.17995  0.225524  0.272254  0.318647  0.363221  0.404551  0.441316  0.472341  0.496635  0.513422  0.522164  0.523431  0.523431  0.523431  0.523431  0.522164  0.513422  0.496635  0.472341  0.441316  0.404551  0.363221  0.318647  0.272254  0.225524  0.17995  0.13699  0.0980159  0.0642732  0.0368405  0.0165944  0.00418201  0  
0  0.0054935  0.0217984  0.0483937  0.0844294  0.128754  0.17995  0.236383  0.296248  0.357633  0.418575  0.477127  0.531418  0.579713  0.620468  0.652381  0.674431  0.685915  0.68758  0.68758  0.68758  0.68758  0.685915  0.674431  0.652381  0.620468  0.579713  0.531418  0.477127  0.418575  0.357633  0.296248  0.236383  0.17995  0.128754  0.0844294  0.0483937  0.0217984  0.0054935  0  
0  0.00688475  0.027319  0.0606496  0.105812  0.161361  0.225524  0.296248  0.371275  0.448205  0.524582  0.597962  0.666003  0.726528  0.777605  0.817599  0.845235  0.859627  0.861713  0.861713  0.861713  0.861713  0.859627  0.845235  0.817599  0.777605  0.726528  0.666003  0.597962  0.524582  0.448205  0.371275  0.296248  0.225524  0.161361  0.105812  0.0606496  0.027319  0.00688475  0  
0  0.00831132  0.0329797  0.0732166  0.127736  0.194797  0.272254  0.357633  0.448205  0.541077  0.633278  0.721864  0.804003  0.87707  0.93873  0.987011  1.02037  1.03775  1.04027  1.04027  1.04027  1.04027  1.03775  1.02037  0.987011  0.93873  0.87707  0.804003  0.721864  0.633278  0.541077  0.448205  0.357633  0.272254  0.194797  0.127736  0.0732166  0.0329797  0.00831132  0  
0  0.0097276  0.0385995  0.0856931  0.149503  0.227991  0.318647  0.418575  0.524582  0.633278  0.741192  0.844873  0.941009  1.02653  1.09869  1.1552  1.19425  1.21458  1.21753  1.21753  1.21753  1.21753  1.21458  1.19425  1.1552  1.09869  1.02653  0.941009  0.844873  0.741192  0.633278  0.524582  0.418575  0.318647  0.227991  0.149503  0.0856931  0.0385995  0.0097276  0  
0  0.0110883  0.043999  0.0976802  0.170416  0.259883  0.363221  0.477127  0.597962  0.721864  0.844873  0.963058  1.07264  1.17012  1.25238  1.3168  1.36131  1.38449  1.38785  1.38785  1.38785  1.38785  1.38449  1.36131  1.3168  1.25238  1.17012  1.07264  0.963058  0.844873  0.721864  0.597962  0.477127  0.363221  0.259883  0.170416  0.0976802  0.043999  0.0110883  0  
0  0.0123501  0.0490055  0.108795  0.189808  0.289454  0.404551  0.531418  0.666003  0.804003  0.941009  1.07264  1.19469  1.30327  1.39489  1.46663  1.5162  1.54202  1.54576  1.54576  1.54576  1.54576  1.54202  1.5162  1.46663  1.39489  1.30327  1.19469  1.07264  0.941009  0.804003  0.666003  0.531418  0.404551  0.289454  0.189808  0.108795  0.0490055  0.0123501  0  
0  0.0134724  0.0534591  0.118682  0.207057  0.31576  0.441316  0.579713  0.726528  0.87707  1.02653  1.17012  1.30327  1.42171  1.52165  1.59992  1.654  1.68216  1.68624  1.68624  1.68624  1.68624  1.68216  1.654  1.59992  1.52165  1.42171  1.30327  1.17012  1.02653  0.87707  0.726528  0.579713  0.441316  0.31576  0.207057  0.118682  0.0534591  0.0134724  0  
0  0.0144195  0.0572174  0.127026  0.221614  0.337958  0.472341  0.620468  0.777605  0.93873  1.09869  1.25238  1.39489  1.52165  1.62863  1.71239  1.77027  1.80042  1.80479  1.80479  1.80479  1.80479  1.80042  1.77027  1.71239  1.62863  1.52165  1.39489  1.25238  1.09869  0.93873  0.777605  0.620468  0.472341  0.337958  0.221614  0.127026  0.0572174  0.0144195  0  
0  0.0151612  0.0601602  0.133559  0.233012  0.35534  0.496635  0.652381  0.817599  0.987011  1.1552  1.3168  1.46663  1.59992  1.71239  1.80047  1.86133  1.89302  1.89761  1.89761  1.89761  1.89761  1.89302  1.86133  1.80047  1.71239  1.59992  1.46663  1.3168  1.1552  0.987011  0.817599  0.652381  0.496635  0.35534  0.233012  0.133559  0.0601602  0.0151612  0  
0  0.0156736  0.0621937  0.138073  0.240888  0.367351  0.513422  0.674431  0.845235  1.02037  1.19425  1.36131  1.5162  1.654  1.77027  1.86133  1.92424  1.957  1.96175  1.96175  1.96175  1.96175  1.957  1.92424  1.86133  1.77027  1.654  1.5162  1.36131  1.19425  1.02037  0.845235  0.674431  0.513422  0.367351  0.240888  0.138073  0.0621937  0.0156736  0  
0  0.0159405  0.0632527  0.140424  0.244989  0.373606  0.522164  0.685915  0.859627  1.03775  1.21458  1.38449  1.54202  1.68216  1.80042  1.89302  1.957  1.99033  1.99516  1.99516  1.99516  1.99516  1.99033  1.957  1.89302  1.80042  1.68216  1.54202  1.38449  1.21458  1.03775  0.859627  0.685915  0.522164  0.373606  0.244989  0.140424  0.0632527  0.0159405  0  
0  0.0159792  0.0634062  0.140765  0.245584  0.374513  0.523431  0.68758  0.861713  1.04027  1.21753  1.38785  1.54576  1.68624  1.80479  1.89761  1.96175  1.99516  2  2  2  2  1.99516  1.96175  1.89761  1.80479  1.68624  1.54576  1.38785  1.21753  1.04027  0.861713  0.68758  0.523431  0.374513  0.245584  0.140765  0.0634062  0.0159792  0  
0  0.0159792  0.0634062  0.140765  0.245584  0.374513  0.523431  0.68758  0.861713  1.04027  1.21753  1.38785  1.54576  1.68624  1.80479  1.89761  1.96175  1.99516  2  2  2  2  1.99516  1.96175  1.89761  1.80479  1.68624  1.54576  1.38785  1.21753  1.04027  0.861713  0.68758  0.523431  0.374513  0.245584  0.140765  0.0634062  0.0159792  0  
0  0.0159792  0.0634062  0.140765  0.245584  0.374513  0.523431  0.68758  0.861713  1.04027  1.21753  1.38785  1.54576  1.68624  1.80479  1.89761  1.96175  1.99516  2  2  2  2  1.99516  1.96175  1.89761  1.80479  1.68624  1.54576  1.38785  1.21753  1.04027  0.861713  0.68758  0.523431  0.374513  0.245584  0.140765  0.0634062  0.0159792  0  
0  0.0159792  0.0634062  0.140765  0.245584  0.374513  0.523431  0.68758  0.861713  1.04027  1.21753  1.38785  1.54576  1.68624  1.80479  1.89761  1.96175  1.99516  2  2  2  2  1.99516  1.96175  1.89761  1.80479  1.68624  1.54576  1.38785  1.21753  1.04027  0.861713  0.68758  0.523431  0.374513  0.245584  0.140765  0.0634062  0.0159792  0  
0  0.0159405  0.0632527  0.140424  0.244989  0.373606  0.522164  0.685915  0.859627  1.03775  1.21458  1.38449  1.54202  1.68216  1.80042  1.89302  1.957  1.99033  1.99516  1.99516  1.99516  1.99516  1.99033  1.957  1.89302  1.80042  1.68216  1.54202  1.38449  1.21458  1.03775  0.859627  0.685915  0.522164  0.373606  0.244989  0.140424  0.0632527  0.0159405  0  
0  0.0156736  0.0621937  0.138073  0.240888  0.367351  0.513422  0.674431  0.845235  1.02037  1.19425  1.36131  1.5162  1.654  1.77027  1.86133  1.92424  1.957  1.96175  1.96175  1.96175  1.96175  1.957  1.92424  1.86133  1.77027  1.654  1.5162  1.36131  1.19425  1.02037  0.845235  0.674431  0.513422  0.367351  0.240888  0.138073  0.0621937  0.0156736  0  
0  0.0151612  0.0601602  0.133559  0.233012  0.35534  0.496635  0.652381  0.817599  0.987011  1.1552  1.3168  1.46663  1.59992  1.71239  1.80047  1.86133  1.89302  1.89761  1.89761  1.89761  1.89761  1.89302  1.86133  1.80047  1.71239  1.59992  1.46663  1.3168  1.1552  0.987011  0.817599  0.652381  0.496635  0.35534  0.233012  0.133559  0.0601602  0.0151612  0  
0  0.0144195  0.0572174  0.127026  0.221614  0.337958  0.472341  0.620468  0.777605  0.93873  1.09869  1.25238  1.39489  1.52165  1.62863  1.71239  1.77027  1.80042  1.80479  1.80479  1.80479  1.80479  1.80042  1.77027  1.71239  1.62863  1.52165  1.39489  1.25238  1.09869  0.93873  0.777605  0.620468  0.472341  0.337958  0.221614  0.127026  0.0572174  0.0144195  0  
0  0.0134724  0.0534591  0.118682  0.207057  0.31576  0.441316  0.579713  0.726528  0.87707  1.02653  1.17012  1.30327  1.42171  1.52165  1.59992  1.654  1.68216  1.68624  1.68624  1.68624  1.68624  1.68216  1.654  1.59992  1.52165  1.42171  1.30327  1.17012  1.02653  0.87707  0.726528  0.579713  0.441316  0.31576  0.207057  0.118682  0.0534591  0.0134724  0  
0  0.0123501  0.0490055  0.108795  0.189808  0.289454  0.404551  0.531418  0.666003  0.804003  0.941009  1.07264  1.19469  1.30327  1.39489  1.46663  1.5162  1.54202  1.54576  1.54576  1.54576  1.54576  1.54202  1.5162  1.46663  1.39489  1.30327  1.19469  1.07264  0.941009  0.804003  0.666003  0.531418  0.404551  0.289454  0.189808  0.108795  0.0490055  0.0123501  0  
0  0.0110883  0.043999  0.0976802  0.170416  0.259883  0.363221  0.477127  0.597962  0.721864  0.844873  0.963058  1.07264  1.17012  1.25238  1.3168  1.36131  1.38449  1.38785  1.38785  1.38785  1.38785  1.38449  1.36131  1.3168  1.25238  1.17012  1.07264  0.963058  0.844873  0.721864  0.597962  0.477127  0.363221  0.259883  0.170416  0.0976802  0.043999  0.0110883  0  
0  0.0097276  0.0385995  0.0856931  0.149503  0.227991  0.318647  0.418575  0.524582  0.633278  0.741192  0.844873  0.941009  1.02653  1.09869  1.1552  1.19425  1.21458  1.21753  1.21753  1.21753  1.21753  1.21458  1.19425  1.1552  1.09869  1.02653  0.941009  0.844873  0.741192  0.633278  0.524582  0.418575  0.318647  0.227991  0.149503  0.0856931  0.0385995  0.0097276  0  
0  0.00831132  0.0329797  0.0732166  0.127736  0.194797  0.272254  0.357633  0.448205  0.541077  0.633278  0.721864  0.804003  0.87707  0.93873  0.987011  1.02037  1.03775  1.04027  1.04027  1.04027  1.04027  1.03775  1.02037  0.987011  0.93873  0.87707  0.804003  0.721864  0.633278  0.541077  0.448205  0.357633  0.272254  0.194797  0.127736  0.0732166  0.0329797  0.00831132  0  
0  0.00688475  0.027319  0.0606496  0.105812  0.161361  0.225524  0.296248  0.371275  0.448205  0.524582  0.597962  0.666003  0.726528  0.777605  0.817599  0.845235  0.859627  0.861713  0.861713  0.861713  0.861713  0.859627  0.845235  0.817599  0.777605  0.726528  0.666003  0.597962  0.524582  0.448205  0.371275  0.296248  0.225524  0.161361  0.105812  0.0606496  0.027319  0.00688475  0  
0  0.0054935  0.0217984  0.0483937  0.0844294  0.128754  0.17995  0.236383  0.296248  0.357633  0.418575  0.477127  0.531418  0.579713  0.620468  0.652381  0.674431  0.685915  0.68758  0.68758  0.68758  0.68758  0.685915  0.674431  0.652381  0.620468  0.579713  0.531418  0.477127  0.418575  0.357633  0.296248  0.236383  0.17995  0.128754  0.0844294  0.0483937  0.0217984  0.0054935  0  
0  0.00418201  0.0165944  0.0368405  0.0642732  0.0980159  0.13699  0.17995  0.225524  0.272254  0.318647  0.363221  0.404551  0.441316  0.472341  0.496635  0.513422  0.522164  0.523431  0.523431  0.523431  0.523431  0.522164  0.513422  0.496635  0.472341  0.441316  0.404551  0.363221  0.318647  0.272254  0.225524  0.17995  0.13699  0.0980159  0.0642732  0.0368405  0.0165944  0.00418201  0  
0  0.00299221  0.0118732  0.0263592  0.0459872  0.07013  0.0980159  0.128754  0.161361  0.194797  0.227991  0.259883  0.289454  0.31576  0.337958  0.35534  0.367351  0.373606  0.374513  0.374513  0.374513  0.374513  0.373606  0.367351  0.35534  0.337958  0.31576  0.289454  0.259883  0.227991  0.194797  0.161361  0.128754  0.0980159  0.07013  0.0459872  0.0263592  0.0118732  0.00299221  0  
0  0.00196212  0.00778578  0.0172849  0.0301558  0.0459872  0.0642732  0.0844294  0.105812  0.127736  0.149503  0.170416  0.189808  0.207057  0.221614  0.233012  0.240888  0.244989  0.245584  0.245584  0.245584  0.245584  0.244989  0.240888  0.233012  0.221614  0.207057  0.189808  0.170416  0.149503  0.127736  0.105812  0.0844294  0.0642732  0.0459872  0.0301558  0.0172849  0.00778578  0.00196212  0  
0  0.00112466  0.00446269  0.00990743  0.0172849  0.0263592  0.0368405  0.0483937  0.0606496  0.0732166  0.0856931  0.0976802  0.108795  0.118682  0.127026  0.133559  0.138073  0.140424  0.140765  0.140765  0.140765  0.140765  0.140424  0.138073  0.133559  0.127026  0.118682  0.108795  0.0976802  0.0856931  0.0732166  0.0606496  0.0483937  0.0368405  0.0263592  0.0172849  0.00990743  0.00446269  0.00112466  0  
0  0.000506591  0.00201017  0.00446269  0.00778578  0.0118732  0.0165944  0.0217984  0.027319  0.0329797  0.0385995  0.043999  0.0490055  0.0534591  0.0572174  0.0601602  0.0621937  0.0632527  0.0634062  0.0634062  0.0634062  0.0634062  0.0632527  0.0621937  0.0601602  0.0572174  0.0534591  0.0490055  0.043999  0.0385995  0.0329797  0.027319  0.0217984  0.0165944  0.0118732  0.00778578  0.00446269  0.00201017  0.000506591  0  
0  0.000127668  0.000506591  0.00112466  0.00196212  0.00299221  0.00418201  0.0054935  0.00688475  0.00831132  0.0097276  0.0110883  0.0123501  0.0134724  0.0144195  0.0151612  0.0156736  0.0159405  0.0159792  0.0159792  0.0159792  0.0159792  0.0159405  0.0156736  0.0151612  0.0144195  0.0134724  0.0123501  0.0110883  0.0097276  0.00831132  0.00688475  0.0054935  0.00418201  0.00299221  0.00196212  0.00112466  0.000506591  0.000127668  0  
0  0  0  0  0  0  0  0  0  0  0  0  0  0  0  0  0  0  0  0  0  0  0  0  0  0  0  0  0  0  0  0  0  0  0  0  0  0  0  0  
