example_vh.grd
DSAA
 40 40
 1.000000 40.000000
 1.000000 40.000000
 -33.470928 -0.008122
-0.00812201  -0.0268656  -0.0462841  -0.0665702  -0.0878765  -0.110307  -0.133892  -0.158568  -0.18416  -0.210376  -0.236803  -0.262934  -0.288187  -0.311947  -0.333615  -0.352647  -0.368605  -0.381184  -0.390252  -0.395932  -0.39827  -0.397285  -0.39297  -0.385246  -0.374288  -0.360448  -0.344214  -0.326179  -0.306998  -0.287345  -0.267865  -0.249136  -0.231647  -0.215773  -0.201782  -0.18984  -0.180026  -0.172359  -0.166818  -0.163351  
-0.0268656  -0.0498164  -0.0794556  -0.116002  -0.159305  -0.209042  -0.264644  -0.325275  -0.389813  -0.45685  -0.524726  -0.591578  -0.655438  -0.714316  -0.766349  -0.809888  -0.843648  -0.866756  -0.879744  -0.8867  -0.888888  -0.886325  -0.877782  -0.859211  -0.830115  -0.791411  -0.744426  -0.690851  -0.632596  -0.571701  -0.510188  -0.449976  -0.392788  -0.340097  -0.293101  -0.252711  -0.219582  -0.194122  -0.176577  -0.166818  
-0.0462841  -0.0794556  -0.135337  -0.214081  -0.314486  -0.434837  -0.572694  -0.724949  -0.887811  -1.05688  -1.22729  -1.39381  -1.55117  -1.69419  -1.81815  -1.91894  -1.99348  -2.03974  -2.06035  -2.06937  -2.07141  -2.06649  -2.05003  -2.00799  -1.93779  -1.84147  -1.72219  -1.58407  -1.43187  -1.27081  -1.10622  -0.943359  -0.787151  -0.642049  -0.511898  -0.39987  -0.308463  -0.23946  -0.194122  -0.172359  
-0.0665702  -0.116002  -0.214081  -0.360694  -0.552684  -0.785758  -1.05413  -1.3507  -1.66719  -1.99429  -2.32204  -2.64014  -2.93842  -3.20719  -3.43784  -3.62301  -3.75734  -3.83767  -3.87037  -3.88276  -3.88466  -3.87608  -3.84722  -3.77081  -3.6405  -3.45948  -3.23314  -2.96887  -2.67533  -2.36223  -2.03978  -1.71832  -1.40785  -1.1177  -0.856228  -0.630557  -0.446522  -0.308463  -0.219582  -0.180026  
-0.0878765  -0.159305  -0.314486  -0.552684  -0.867646  -1.25105  -1.69203  -2.17764  -2.6932  -3.22276  -3.74977  -4.25761  -4.73036  -5.15328  -5.51358  -5.80067  -6.00712  -6.12936  -6.17899  -6.19656  -6.19832  -6.18427  -6.1382  -6.01958  -5.81682  -5.53356  -5.17722  -4.75844  -4.29002  -3.78674  -3.26455  -2.7401  -2.22997  -1.75013  -1.31532  -0.93849  -0.630557  -0.39987  -0.252711  -0.18984  
-0.110307  -0.209042  -0.434837  -0.785758  -1.25105  -1.81663  -2.46454  -3.17406  -3.9223  -4.68528  -5.43879  -6.15938  -6.82525  -7.41687  -7.91774  -8.31469  -8.59899  -8.76778  -8.83889  -8.86377  -8.86539  -8.84376  -8.77592  -8.61046  -8.32955  -7.93611  -7.43886  -6.85101  -6.1891  -5.47266  -4.72353  -3.96517  -3.22181  -2.51747  -1.87506  -1.31532  -0.856228  -0.511898  -0.293101  -0.201782  
-0.133892  -0.264644  -0.572694  -1.05413  -1.69203  -2.46454  -3.34457  -4.3017  -5.30339  -6.31661  -7.30917  -8.25095  -9.11485  -9.87738  -10.5193  -11.026  -11.3883  -11.6055  -11.7016  -11.7359  -11.7374  -11.7061  -11.6129  -11.3988  -11.0396  -10.5361  -9.89749  -9.13839  -8.27808  -7.34006  -6.35145  -5.3424  -4.3451  -3.3926  -2.51747  -1.75013  -1.1177  -0.642049  -0.340097  -0.215773  
-0.158568  -0.325275  -0.724949  -1.3507  -2.17764  -3.17406  -4.3017  -5.51885  -6.7823  -8.04964  -9.281  -10.4403  -11.4962  -12.4226  -13.1985  -13.8089  -14.2456  -14.5106  -14.6341  -14.6795  -14.6809  -14.6382  -14.5174  -14.2552  -13.8213  -13.2138  -12.4408  -11.5176  -10.4649  -9.30903  -8.08123  -6.81763  -5.55811  -4.3451  -3.22181  -2.22997  -1.40785  -0.787151  -0.392788  -0.231647  
-0.18416  -0.389813  -0.887811  -1.66719  -2.6932  -3.9223  -5.30339  -6.7823  -8.30473  -9.81921  -11.279  -12.6432  -13.8775  -14.9543  -15.8524  -16.5572  -17.0622  -17.3729  -17.5244  -17.5822  -17.5834  -17.5281  -17.3791  -17.0709  -16.5685  -15.8663  -14.9709  -13.8969  -12.6654  -11.3043  -9.8477  -8.33655  -6.81763  -5.3424  -3.96517  -2.7401  -1.71832  -0.943359  -0.449976  -0.249136  
-0.210376  -0.45685  -1.05688  -1.99429  -3.22276  -4.68528  -6.31661  -8.04964  -9.81921  -11.5656  -13.2362  -14.7869  -16.1815  -17.3921  -18.3981  -19.1863  -19.7522  -20.1054  -20.2844  -20.355  -20.3561  -20.2878  -20.1109  -19.7601  -19.1964  -18.4106  -17.407  -16.1989  -14.8069  -13.2589  -11.5911  -9.8477  -8.08123  -6.35145  -4.72353  -3.26455  -2.03978  -1.10622  -0.510188  -0.267865  
-0.236803  -0.524726  -1.22729  -2.32204  -3.74977  -5.43879  -7.30917  -9.281  -11.279  -13.2362  -15.0958  -16.8113  -18.3461  -19.6726  -20.7715  -21.6317  -22.251  -22.6425  -22.8475  -22.9306  -22.9316  -22.8505  -22.6475  -22.258  -21.6407  -20.7827  -19.6858  -18.3615  -16.8291  -15.116  -13.2589  -11.3043  -9.30903  -7.34006  -5.47266  -3.78674  -2.36223  -1.27081  -0.571701  -0.287345  
-0.262934  -0.591578  -1.39381  -2.64014  -4.25761  -6.15938  -8.25095  -10.4403  -12.6432  -14.7869  -16.8113  -18.6688  -20.3232  -21.7479  -22.9255  -23.8465  -24.5117  -24.9371  -25.1659  -25.2608  -25.2617  -25.1685  -24.9415  -24.5179  -23.8545  -22.9353  -21.7597  -20.3369  -18.6845  -16.8291  -14.8069  -12.6654  -10.4649  -8.27808  -6.1891  -4.29002  -2.67533  -1.43187  -0.632596  -0.306998  
-0.288187  -0.655438  -1.55117  -2.93842  -4.73036  -6.82525  -9.11485  -11.4962  -13.8775  -16.1815  -18.3461  -20.3232  -22.0774  -23.5838  -24.8265  -25.7982  -26.5021  -26.9568  -27.2066  -27.3122  -27.313  -27.2089  -26.9607  -26.5075  -25.8052  -24.835  -23.594  -22.0893  -20.3369  -18.3615  -16.1989  -13.8969  -11.5176  -9.13839  -6.85101  -4.75844  -2.96887  -1.58407  -0.690851  -0.326179  
-0.311947  -0.714316  -1.69419  -3.20719  -5.15328  -7.41687  -9.87738  -12.4226  -14.9543  -17.3921  -19.6726  -21.7479  -23.5838  -25.1566  -26.4524  -27.4657  -28.2018  -28.6813  -28.949  -29.064  -29.0647  -28.951  -28.6846  -28.2064  -27.4717  -26.4598  -25.1654  -23.594  -21.7597  -19.6858  -17.407  -14.9709  -12.4408  -9.89749  -7.43886  -5.17722  -3.23314  -1.72219  -0.744426  -0.344214  
-0.333615  -0.766349  -1.81815  -3.43784  -5.51358  -7.91774  -10.5193  -13.1985  -15.8524  -18.3981  -20.7715  -22.9255  -24.8265  -26.4524  -27.7907  -28.8375  -29.5997  -30.0997  -30.3824  -30.5053  -30.5059  -30.3841  -30.1025  -29.6036  -28.8426  -27.7969  -26.4598  -24.835  -22.9353  -20.7827  -18.4106  -15.8663  -13.2138  -10.5361  -7.93611  -5.53356  -3.45948  -1.84147  -0.791411  -0.360448  
-0.352647  -0.809888  -1.91894  -3.62301  -5.80067  -8.31469  -11.026  -13.8089  -16.5572  -19.1863  -21.6317  -23.8465  -25.7982  -27.4657  -28.8375  -29.911  -30.6942  -31.2107  -31.5055  -31.6348  -31.6352  -31.5068  -31.213  -30.6974  -29.9151  -28.8426  -27.4717  -25.8052  -23.8545  -21.6407  -19.1964  -16.5685  -13.8213  -11.0396  -8.32955  -5.81682  -3.6405  -1.93779  -0.830115  -0.374288  
-0.368605  -0.843648  -1.99348  -3.75734  -6.00712  -8.59899  -11.3883  -14.2456  -17.0622  -19.7522  -22.251  -24.5117  -26.5021  -28.2018  -29.5997  -30.6942  -31.494  -32.0235  -32.3277  -32.4618  -32.4622  -32.3287  -32.0253  -31.4965  -30.6974  -29.6036  -28.2064  -26.5075  -24.5179  -22.258  -19.7601  -17.0709  -14.2552  -11.3988  -8.61046  -6.01958  -3.77081  -2.00799  -0.859211  -0.385246  
-0.381184  -0.866756  -2.03974  -3.83767  -6.12936  -8.76778  -11.6055  -14.5106  -17.3729  -20.1054  -22.6425  -24.9371  -26.9568  -28.6813  -30.0997  -31.2107  -32.0235  -32.5629  -32.874  -33.0117  -33.012  -32.8748  -32.5642  -32.0253  -31.213  -30.1025  -28.6846  -26.9607  -24.9415  -22.6475  -20.1109  -17.3791  -14.5174  -11.6129  -8.77592  -6.1382  -3.84722  -2.05003  -0.877782  -0.39297  
-0.390252  -0.879744  -2.06035  -3.87037  -6.17899  -8.83889  -11.7016  -14.6341  -17.5244  -20.2844  -22.8475  -25.1659  -27.2066  -28.949  -30.3824  -31.5055  -32.3277  -32.874  -33.1898  -33.3298  -33.3299  -33.1902  -32.8748  -32.3287  -31.5068  -30.3841  -28.951  -27.2089  -25.1685  -22.8505  -20.2878  -17.5281  -14.6382  -11.7061  -8.84376  -6.18427  -3.87608  -2.06649  -0.886325  -0.397285  
-0.395932  -0.8867  -2.06937  -3.88276  -6.19656  -8.86377  -11.7359  -14.6795  -17.5822  -20.355  -22.9306  -25.2608  -27.3122  -29.064  -30.5053  -31.6348  -32.4618  -33.0117  -33.3298  -33.4709  -33.4709  -33.3299  -33.012  -32.4622  -31.6352  -30.5059  -29.0647  -27.313  -25.2617  -22.9316  -20.3561  -17.5834  -14.6809  -11.7374  -8.86539  -6.19832  -3.88466  -2.07141  -0.888888  -0.39827  
-0.39827  -0.888888  -2.07141  -3.88466  -6.19832  -8.86539  -11.7374  -14.6809  -17.5834  -20.3561  -22.9316  -25.2617  -27.313  -29.0647  -30.5059  -31.6352  -32.4622  -33.012  -33.3299  -33.4709  -33.4709  -33.3298  -33.0117  -32.4618  -31.6348  -30.5053  -29.064  -27.3122  -25.2608  -22.9306  -20.355  -17.5822  -14.6795  -11.7359  -8.86377  -6.19656  -3.88276  -2.06937  -0.8867  -0.395932  
-0.397285  -0.886325  -2.06649  -3.87608  -6.18427  -8.84376  -11.7061  -14.6382  -17.5281  -20.2878  -22.8505  -25.1685  -27.2089  -28.951  -30.3841  -31.5068  -32.3287  -32.8748  -33.1902  -33.3299  -33.3298  -33.1898  -32.874  -32.3277  -31.5055  -30.3824  -28.949  -27.2066  -25.1659  -22.8475  -20.2844  -17.5244  -14.6341  -11.7016  -8.83889  -6.17899  -3.87037  -2.06035  -0.879744  -0.390252  
-0.39297  -0.877782  -2.05003  -3.84722  -6.1382  -8.77592  -11.6129  -14.5174  -17.3791  -20.1109  -22.6475  -24.9415  -26.9607  -28.6846  -30.1025  -31.213  -32.0253  -32.5642  -32.8748  -33.012  -33.0117  -32.874  -32.5629  -32.0235  -31.2107  -30.0997  -28.6813  -26.9568  -24.9371  -22.6425  -20.1054  -17.3729  -14.5106  -11.6055  -8.76778  -6.12936  -3.83767  -2.03974  -0.866756  -0.381184  
-0.385246  -0.859211  -2.00799  -3.77081  -6.01958  -8.61046  -11.3988  -14.2552  -17.0709  -19.7601  -22.258  -24.5179  -26.5075  -28.2064  -29.6036  -30.6974  -31.4965  -32.0253  -32.3287  -32.4622  -32.4618  -32.3277  -32.0235  -31.494  -30.6942  -29.5997  -28.2018  -26.5021  -24.5117  -22.251  -19.7522  -17.0622  -14.2456  -11.3883  -8.59899  -6.00712  -3.75734  -1.99348  -0.843648  -0.368605  
-0.374288  -0.830115  -1.93779  -3.6405  -5.81682  -8.32955  -11.0396  -13.8213  -16.5685  -19.1964  -21.6407  -23.8545  -25.8052  -27.4717  -28.8426  -29.9151  -30.6974  -31.213  -31.5068  -31.6352  -31.6348  -31.5055  -31.2107  -30.6942  -29.911  -28.8375  -27.4657  -25.7982  -23.8465  -21.6317  -19.1863  -16.5572  -13.8089  -11.026  -8.31469  -5.80067  -3.62301  -1.91894  -0.809888  -0.352647  
-0.360448  -0.791411  -1.84147  -3.45948  -5.53356  -7.93611  -10.5361  -13.2138  -15.8663  -18.4106  -20.7827  -22.9353  -24.835  -26.4598  -27.7969  -28.8426  -29.6036  -30.1025  -30.3841  -30.5059  -30.5053  -30.3824  -30.0997  -29.5997  -28.8375  -27.7907  -26.4524  -24.8265  -22.9255  -20.7715  -18.3981  -15.8524  -13.1985  -10.5193  -7.91774  -5.51358  -3.43784  -1.81815  -0.766349  -0.333615  
-0.344214  -0.744426  -1.72219  -3.23314  -5.17722  -7.43886  -9.89749  -12.4408  -14.9709  -17.407  -19.6858  -21.7597  -23.594  -25.1654  -26.4598  -27.4717  -28.2064  -28.6846  -28.951  -29.0647  -29.064  -28.949  -28.6813  -28.2018  -27.4657  -26.4524  -25.1566  -23.5838  -21.7479  -19.6726  -17.3921  -14.9543  -12.4226  -9.87738  -7.41687  -5.15328  -3.20719  -1.69419  -0.714316  -0.311947  
-0.326179  -0.690851  -1.58407  -2.96887  -4.75844  -6.85101  -9.13839  -11.5176  -13.8969  -16.1989  -18.3615  -20.3369  -22.0893  -23.594  -24.835  -25.8052  -26.5075  -26.9607  -27.2089  -27.313  -27.3122  -27.2066  -26.9568  -26.5021  -25.7982  -24.8265  -23.5838  -22.0774  -20.3232  -18.3461  -16.1815  -13.8775  -11.4962  -9.11485  -6.82525  -4.73036  -2.93842  -1.55117  -0.655438  -0.288187  
-0.306998  -0.632596  -1.43187  -2.67533  -4.29002  -6.1891  -8.27808  -10.4649  -12.6654  -14.8069  -16.8291  -18.6845  -20.3369  -21.7597  -22.9353  -23.8545  -24.5179  -24.9415  -25.1685  -25.2617  -25.2608  -25.1659  -24.9371  -24.5117  -23.8465  -22.9255  -21.7479  -20.3232  -18.6688  -16.8113  -14.7869  -12.6432  -10.4403  -8.25095  -6.15938  -4.25761  -2.64014  -1.39381  -0.591578  -0.262934  
-0.287345  -0.571701  -1.27081  -2.36223  -3.78674  -5.47266  -7.34006  -9.30903  -11.3043  -13.2589  -15.116  -16.8291  -18.3615  -19.6858  -20.7827  -21.6407  -22.258  -22.6475  -22.8505  -22.9316  -22.9306  -22.8475  -22.6425  -22.251  -21.6317  -20.7715  -19.6726  -18.3461  -16.8113  -15.0958  -13.2362  -11.279  -9.281  -7.30917  -5.43879  -3.74977  -2.32204  -1.22729  -0.524726  -0.236803  
-0.267865  -0.510188  -1.10622  -2.03978  -3.26455  -4.72353  -6.35145  -8.08123  -9.8477  -11.5911  -13.2589  -14.8069  -16.1989  -17.407  -18.4106  -19.1964  -19.7601  -20.1109  -20.2878  -20.3561  -20.355  -20.2844  -20.1054  -19.7522  -19.1863  -18.3981  -17.3921  -16.1815  -14.7869  -13.2362  -11.5656  -9.81921  -8.04964  -6.31661  -4.68528  -3.22276  -1.99429  -1.05688  -0.45685  -0.210376  
-0.249136  -0.449976  -0.943359  -1.71832  -2.7401  -3.96517  -5.3424  -6.81763  -8.33655  -9.8477  -11.3043  -12.6654  -13.8969  -14.9709  -15.8663  -16.5685  -17.0709  -17.3791  -17.5281  -17.5834  -17.5822  -17.5244  -17.3729  -17.0622  -16.5572  -15.8524  -14.9543  -13.8775  -12.6432  -11.279  -9.81921  -8.30473  -6.7823  -5.30339  -3.9223  -2.6932  -1.66719  -0.887811  -0.389813  -0.18416  
-0.231647  -0.392788  -0.787151  -1.40785  -2.22997  -3.22181  -4.3451  -5.55811  -6.81763  -8.08123  -9.30903  -10.4649  -11.5176  -12.4408  -13.2138  -13.8213  -14.2552  -14.5174  -14.6382  -14.6809  -14.6795  -14.6341  -14.5106  -14.2456  -13.8089  -13.1985  -12.4226  -11.4962  -10.4403  -9.281  -8.04964  -6.7823  -5.51885  -4.3017  -3.17406  -2.17764  -1.3507  -0.724949  -0.325275  -0.158568  
-0.215773  -0.340097  -0.642049  -1.1177  -1.75013  -2.51747  -3.3926  -4.3451  -5.3424  -6.35145  -7.34006  -8.27808  -9.13839  -9.89749  -10.5361  -11.0396  -11.3988  -11.6129  -11.7061  -11.7374  -11.7359  -11.7016  -11.6055  -11.3883  -11.026  -10.5193  -9.87738  -9.11485  -8.25095  -7.30917  -6.31661  -5.30339  -4.3017  -3.34457  -2.46454  -1.69203  -1.05413  -0.572694  -0.264644  -0.133892  
-0.201782  -0.293101  -0.511898  -0.856228  -1.31532  -1.87506  -2.51747  -3.22181  -3.96517  -4.72353  -5.47266  -6.1891  -6.85101  -7.43886  -7.93611  -8.32955  -8.61046  -8.77592  -8.84376  -8.86539  -8.86377  -8.83889  -8.76778  -8.59899  -8.31469  -7.91774  -7.41687  -6.82525  -6.15938  -5.43879  -4.68528  -3.9223  -3.17406  -2.46454  -1.81663  -1.25105  -0.785758  -0.434837  -0.209042  -0.110307  
-0.18984  -0.252711  -0.39987  -0.630557  -0.93849  -1.31532  -1.75013  -2.22997  -2.7401  -3.26455  -3.78674  -4.29002  -4.75844  -5.17722  -5.53356  -5.81682  -6.01958  -6.1382  -6.18427  -6.19832  -6.19656  -6.17899  -6.12936  -6.00712  -5.80067  -5.51358  -5.15328  -4.73036  -4.25761  -3.74977  -3.22276  -2.6932  -2.17764  -1.69203  -1.25105  -0.867646  -0.552684  -0.314486  -0.159305  -0.0878765  
-0.180026  -0.219582  -0.308463  -0.446522  -0.630557  -0.856228  -1.1177  -1.40785  -1.71832  -2.03978  -2.36223  -2.67533  -2.96887  -3.23314  -3.45948  -3.6405  -3.77081  -3.84722  -3.87608  -3.88466  -3.88276  -3.87037  -3.83767  -3.75734  -3.62301  -3.43784  -3.20719  -2.93842  -2.64014  -2.32204  -1.99429  -1.66719  -1.3507  -1.05413  -0.785758  -0.552684  -0.360694  -0.214081  -0.116002  -0.0665702  
-0.172359  -0.194122  -0.23946  -0.308463  -0.39987  -0.511898  -0.642049  -0.787151  -0.943359  -1.10622  -1.27081  -1.43187  -1.58407  -1.72219  -1.84147  -1.93779  -2.00799  -2.05003  -2.06649  -2.07141  -2.06937  -2.06035  -2.03974  -1.99348  -1.91894  -1.81815  -1.69419  -1.55117  -1.39381  -1.22729  -1.05688  -0.887811  -0.724949  -0.572694  -0.434837  -0.314486  -0.214081  -0.135337  -0.0794556  -0.0462841  
-0.166818  -0.176577  -0.194122  -0.219582  -0.252711  -0.293101  -0.340097  -0.392788  -0.449976  -0.510188  -0.571701  -0.632596  -0.690851  -0.744426  -0.791411  -0.830115  -0.859211  -0.877782  -0.886325  -0.888888  -0.8867  -0.879744  -0.866756  -0.843648  -0.809888  -0.766349  -0.714316  -0.655438  -0.591578  -0.524726  -0.45685  -0.389813  -0.325275  -0.264644  -0.209042  -0.159305  -0.116002  -0.0794556  -0.0498164  -0.0268656  
-0.163351  -0.166818  -0.172359  -0.180026  -0.18984  -0.201782  -0.215773  -0.231647  -0.249136  -0.267865  -0.287345  -0.306998  -0.326179  -0.344214  -0.360448  -0.374288  -0.385246  -0.39297  -0.397285  -0.39827  -0.395932  -0.390252  -0.381184  -0.368605  -0.352647  -0.333615  -0.311947  -0.288187  -0.262934  -0.236803  -0.210376  -0.18416  -0.158568  -0.133892  -0.110307  -0.0878765  -0.0665702  -0.0462841  -0.0268656  -0.00812201  
