example_1.grd
DSAA
 40 40
 1.000000 40.000000
 1.000000 40.000000
 -26.776811 -0.006499
-0.00649949  -0.0214933  -0.0370215  -0.0532397  -0.0702739  -0.0882105  -0.107076  -0.12682  -0.147301  -0.168284  -0.189436  -0.21035  -0.23056  -0.249573  -0.266909  -0.282133  -0.294895  -0.30495  -0.312198  -0.316734  -0.318604  -0.317823  -0.31438  -0.308213  -0.299456  -0.28839  -0.275405  -0.260974  -0.245623  -0.229891  -0.214293  -0.199297  -0.185294  -0.172587  -0.161394  -0.151845  -0.144003  -0.137881  -0.133457  -0.130687  
-0.0214933  -0.0398507  -0.0635547  -0.0927843  -0.127423  -0.167217  -0.21171  -0.260233  -0.311882  -0.365526  -0.419833  -0.47331  -0.524384  -0.571463  -0.613062  -0.647865  -0.674852  -0.693345  -0.703784  -0.709374  -0.711124  -0.709048  -0.702168  -0.687305  -0.664053  -0.633121  -0.595561  -0.552724  -0.506134  -0.457421  -0.408202  -0.360016  -0.314244  -0.272072  -0.234462  -0.202145  -0.175646  -0.155287  -0.141259  -0.133457  
-0.0370215  -0.0635547  -0.10826  -0.171263  -0.251607  -0.347919  -0.458245  -0.580087  -0.710403  -0.84567  -0.981974  -1.11515  -1.24098  -1.35532  -1.45441  -1.53497  -1.59457  -1.63162  -1.64825  -1.65556  -1.65719  -1.65316  -1.63985  -1.60617  -1.55005  -1.47308  -1.37773  -1.2673  -1.14561  -1.0168  -0.88514  -0.754838  -0.629843  -0.513723  -0.409563  -0.31991  -0.246766  -0.191557  -0.155287  -0.137881  
-0.0532397  -0.0927843  -0.171263  -0.28859  -0.442239  -0.628767  -0.84353  -1.08084  -1.33405  -1.59571  -1.85786  -2.11224  -2.35075  -2.56564  -2.75004  -2.89807  -3.0055  -3.06986  -3.09625  -3.10631  -3.10783  -3.10082  -3.07751  -3.01628  -2.91207  -2.76736  -2.58641  -2.37513  -2.14041  -1.89002  -1.63211  -1.37495  -1.12655  -0.894384  -0.685136  -0.504531  -0.357248  -0.246766  -0.175646  -0.144003  
-0.0702739  -0.127423  -0.251607  -0.442239  -0.694305  -1.00113  -1.35399  -1.74253  -2.15496  -2.57855  -3.00005  -3.40618  -3.78422  -4.12241  -4.41052  -4.64009  -4.80525  -4.90318  -4.94313  -4.95736  -4.95877  -4.94736  -4.91026  -4.81523  -4.65305  -4.42653  -4.14159  -3.80672  -3.43214  -3.02965  -2.612  -2.1925  -1.78439  -1.40047  -1.05254  -0.750974  -0.504531  -0.31991  -0.202145  -0.151845  
-0.0882105  -0.167217  -0.347919  -0.628767  -1.00113  -1.45371  -1.97211  -2.53973  -3.13827  -3.74854  -4.35119  -4.92749  -5.46003  -5.93319  -6.33379  -6.6513  -6.87878  -7.01396  -7.07104  -7.09109  -7.09239  -7.07494  -7.02049  -6.88798  -6.66324  -6.34854  -5.95084  -5.4807  -4.95133  -4.37834  -3.77917  -3.17259  -2.57795  -2.01446  -1.50045  -1.05254  -0.685136  -0.409563  -0.234462  -0.161394  
-0.107076  -0.21171  -0.458245  -0.84353  -1.35399  -1.97211  -2.67617  -3.44182  -4.24306  -5.05348  -5.84735  -6.60062  -7.29161  -7.90156  -8.41509  -8.82042  -9.11037  -9.2842  -9.36123  -9.38875  -9.38994  -9.36482  -9.2902  -9.11882  -8.83137  -8.42861  -7.91773  -7.31054  -6.62242  -5.87215  -5.08142  -4.27432  -3.47658  -2.71461  -2.01446  -1.40047  -0.894384  -0.513723  -0.272072  -0.172587  
-0.12682  -0.260233  -0.580087  -1.08084  -1.74253  -2.53973  -3.44182  -4.41544  -5.42604  -6.43974  -7.42467  -8.352  -9.19668  -9.9377  -10.5585  -11.0469  -11.3964  -11.6084  -11.7072  -11.7436  -11.7447  -11.7105  -11.6139  -11.4041  -11.0569  -10.5708  -9.95245  -9.21392  -8.37183  -7.44721  -6.46511  -5.45439  -4.44691  -3.47658  -2.57795  -1.78439  -1.12655  -0.629843  -0.314244  -0.185294  
-0.147301  -0.311882  -0.710403  -1.33405  -2.15496  -3.13827  -4.24306  -5.42604  -6.64381  -7.85524  -9.02293  -10.1142  -11.1017  -11.9632  -12.6817  -13.2457  -13.6497  -13.8983  -14.0195  -14.0657  -14.0666  -14.0225  -13.9033  -13.6567  -13.2547  -12.6929  -11.9765  -11.1173  -10.1322  -9.04331  -7.87815  -6.66938  -5.45439  -4.27432  -3.17259  -2.1925  -1.37495  -0.754838  -0.360016  -0.199297  
-0.168284  -0.365526  -0.84567  -1.59571  -2.57855  -3.74854  -5.05348  -6.43974  -7.85524  -9.25222  -10.5887  -11.8292  -12.945  -13.9135  -14.7184  -15.349  -15.8019  -16.0844  -16.2275  -16.2839  -16.2848  -16.2302  -16.0889  -15.8082  -15.3572  -14.7285  -13.9255  -12.959  -11.8453  -10.607  -9.27278  -7.87815  -6.46511  -5.08142  -3.77917  -2.612  -1.63211  -0.88514  -0.408202  -0.214293  
-0.189436  -0.419833  -0.981974  -1.85786  -3.00005  -4.35119  -5.84735  -7.42467  -9.02293  -10.5887  -12.0764  -13.4488  -14.6767  -15.738  -16.6173  -17.3054  -17.801  -18.1141  -18.278  -18.3444  -18.3452  -18.2804  -18.1181  -17.8066  -17.3127  -16.6263  -15.7487  -14.6892  -13.4632  -12.0927  -10.607  -9.04331  -7.44721  -5.87215  -4.37834  -3.02965  -1.89002  -1.0168  -0.457421  -0.229891  
-0.21035  -0.47331  -1.11515  -2.11224  -3.40618  -4.92749  -6.60062  -8.352  -10.1142  -11.8292  -13.4488  -14.9349  -16.2585  -17.3984  -18.3405  -19.0774  -19.6095  -19.9498  -20.1327  -20.2086  -20.2093  -20.1348  -19.9533  -19.6145  -19.0838  -18.3484  -17.4078  -16.2695  -14.9476  -13.4632  -11.8453  -10.1322  -8.37183  -6.62242  -4.95133  -3.43214  -2.14041  -1.14561  -0.506134  -0.245623  
-0.23056  -0.524384  -1.24098  -2.35075  -3.78422  -5.46003  -7.29161  -9.19668  -11.1017  -12.945  -14.6767  -16.2585  -17.6619  -18.8671  -19.8613  -20.6388  -21.2019  -21.5656  -21.7653  -21.8497  -21.8504  -21.7671  -21.5687  -21.2062  -20.6444  -19.8683  -18.8754  -17.6716  -16.2695  -14.6892  -12.959  -11.1173  -9.21392  -7.31054  -5.4807  -3.80672  -2.37513  -1.2673  -0.552724  -0.260974  
-0.249573  -0.571463  -1.35532  -2.56564  -4.12241  -5.93319  -7.90156  -9.9377  -11.9632  -13.9135  -15.738  -17.3984  -18.8671  -20.1254  -21.1621  -21.9728  -22.5615  -22.9451  -23.1592  -23.2512  -23.2517  -23.1608  -22.9477  -22.5653  -21.9776  -21.168  -20.1325  -18.8754  -17.4078  -15.7487  -13.9255  -11.9765  -9.95245  -7.91773  -5.95084  -4.14159  -2.58641  -1.37773  -0.595561  -0.275405  
-0.266909  -0.613062  -1.45441  -2.75004  -4.41052  -6.33379  -8.41509  -10.5585  -12.6817  -14.7184  -16.6173  -18.3405  -19.8613  -21.1621  -22.2327  -23.0702  -23.6799  -24.0798  -24.306  -24.4043  -24.4047  -24.3073  -24.082  -23.683  -23.0742  -22.2377  -21.168  -19.8683  -18.3484  -16.6263  -14.7285  -12.6929  -10.5708  -8.42861  -6.34854  -4.42653  -2.76736  -1.47308  -0.633121  -0.28839  
-0.282133  -0.647865  -1.53497  -2.89807  -4.64009  -6.6513  -8.82042  -11.0469  -13.2457  -15.349  -17.3054  -19.0774  -20.6388  -21.9728  -23.0702  -23.9289  -24.5554  -24.9686  -25.2044  -25.3078  -25.3082  -25.2055  -24.9704  -24.558  -23.9322  -23.0742  -21.9776  -20.6444  -19.0838  -17.3127  -15.3572  -13.2547  -11.0569  -8.83137  -6.66324  -4.65305  -2.91207  -1.55005  -0.664053  -0.299456  
-0.294895  -0.674852  -1.59457  -3.0055  -4.80525  -6.87878  -9.11037  -11.3964  -13.6497  -15.8019  -17.801  -19.6095  -21.2019  -22.5615  -23.6799  -24.5554  -25.1952  -25.6188  -25.8622  -25.9695  -25.9698  -25.863  -25.6202  -25.1972  -24.558  -23.683  -22.5653  -21.2062  -19.6145  -17.8066  -15.8082  -13.6567  -11.4041  -9.11882  -6.88798  -4.81523  -3.01628  -1.60617  -0.687305  -0.308213  
-0.30495  -0.693345  -1.63162  -3.06986  -4.90318  -7.01396  -9.2842  -11.6084  -13.8983  -16.0844  -18.1141  -19.9498  -21.5656  -22.9451  -24.0798  -24.9686  -25.6188  -26.0503  -26.2992  -26.4094  -26.4096  -26.2998  -26.0513  -25.6202  -24.9704  -24.082  -22.9477  -21.5687  -19.9533  -18.1181  -16.0889  -13.9033  -11.6139  -9.2902  -7.02049  -4.91026  -3.07751  -1.63985  -0.702168  -0.31438  
-0.312198  -0.703784  -1.64825  -3.09625  -4.94313  -7.07104  -9.36123  -11.7072  -14.0195  -16.2275  -18.278  -20.1327  -21.7653  -23.1592  -24.306  -25.2044  -25.8622  -26.2992  -26.5519  -26.6639  -26.664  -26.5522  -26.2998  -25.863  -25.2055  -24.3073  -23.1608  -21.7671  -20.1348  -18.2804  -16.2302  -14.0225  -11.7105  -9.36482  -7.07494  -4.94736  -3.10082  -1.65316  -0.709048  -0.317823  
-0.316734  -0.709374  -1.65556  -3.10631  -4.95736  -7.09109  -9.38875  -11.7436  -14.0657  -16.2839  -18.3444  -20.2086  -21.8497  -23.2512  -24.4043  -25.3078  -25.9695  -26.4094  -26.6639  -26.7768  -26.7768  -26.664  -26.4096  -25.9698  -25.3082  -24.4047  -23.2517  -21.8504  -20.2093  -18.3452  -16.2848  -14.0666  -11.7447  -9.38994  -7.09239  -4.95877  -3.10783  -1.65719  -0.711124  -0.318604  
-0.318604  -0.711124  -1.65719  -3.10783  -4.95877  -7.09239  -9.38994  -11.7447  -14.0666  -16.2848  -18.3452  -20.2093  -21.8504  -23.2517  -24.4047  -25.3082  -25.9698  -26.4096  -26.664  -26.7768  -26.7768  -26.6639  -26.4094  -25.9695  -25.3078  -24.4043  -23.2512  -21.8497  -20.2086  -18.3444  -16.2839  -14.0657  -11.7436  -9.38875  -7.09109  -4.95736  -3.10631  -1.65556  -0.709374  -0.316734  
-0.317823  -0.709048  -1.65316  -3.10082  -4.94736  -7.07494  -9.36482  -11.7105  -14.0225  -16.2302  -18.2804  -20.1348  -21.7671  -23.1608  -24.3073  -25.2055  -25.863  -26.2998  -26.5522  -26.664  -26.6639  -26.5519  -26.2992  -25.8622  -25.2044  -24.306  -23.1592  -21.7653  -20.1327  -18.278  -16.2275  -14.0195  -11.7072  -9.36123  -7.07104  -4.94313  -3.09625  -1.64825  -0.703784  -0.312198  
-0.31438  -0.702168  -1.63985  -3.07751  -4.91026  -7.02049  -9.2902  -11.6139  -13.9033  -16.0889  -18.1181  -19.9533  -21.5687  -22.9477  -24.082  -24.9704  -25.6202  -26.0513  -26.2998  -26.4096  -26.4094  -26.2992  -26.0503  -25.6188  -24.9686  -24.0798  -22.9451  -21.5656  -19.9498  -18.1141  -16.0844  -13.8983  -11.6084  -9.2842  -7.01396  -4.90318  -3.06986  -1.63162  -0.693345  -0.30495  
-0.308213  -0.687305  -1.60617  -3.01628  -4.81523  -6.88798  -9.11882  -11.4041  -13.6567  -15.8082  -17.8066  -19.6145  -21.2062  -22.5653  -23.683  -24.558  -25.1972  -25.6202  -25.863  -25.9698  -25.9695  -25.8622  -25.6188  -25.1952  -24.5554  -23.6799  -22.5615  -21.2019  -19.6095  -17.801  -15.8019  -13.6497  -11.3964  -9.11037  -6.87878  -4.80525  -3.0055  -1.59457  -0.674852  -0.294895  
-0.299456  -0.664053  -1.55005  -2.91207  -4.65305  -6.66324  -8.83137  -11.0569  -13.2547  -15.3572  -17.3127  -19.0838  -20.6444  -21.9776  -23.0742  -23.9322  -24.558  -24.9704  -25.2055  -25.3082  -25.3078  -25.2044  -24.9686  -24.5554  -23.9289  -23.0702  -21.9728  -20.6388  -19.0774  -17.3054  -15.349  -13.2457  -11.0469  -8.82042  -6.6513  -4.64009  -2.89807  -1.53497  -0.647865  -0.282133  
-0.28839  -0.633121  -1.47308  -2.76736  -4.42653  -6.34854  -8.42861  -10.5708  -12.6929  -14.7285  -16.6263  -18.3484  -19.8683  -21.168  -22.2377  -23.0742  -23.683  -24.082  -24.3073  -24.4047  -24.4043  -24.306  -24.0798  -23.6799  -23.0702  -22.2327  -21.1621  -19.8613  -18.3405  -16.6173  -14.7184  -12.6817  -10.5585  -8.41509  -6.33379  -4.41052  -2.75004  -1.45441  -0.613062  -0.266909  
-0.275405  -0.595561  -1.37773  -2.58641  -4.14159  -5.95084  -7.91773  -9.95245  -11.9765  -13.9255  -15.7487  -17.4078  -18.8754  -20.1325  -21.168  -21.9776  -22.5653  -22.9477  -23.1608  -23.2517  -23.2512  -23.1592  -22.9451  -22.5615  -21.9728  -21.1621  -20.1254  -18.8671  -17.3984  -15.738  -13.9135  -11.9632  -9.9377  -7.90156  -5.93319  -4.12241  -2.56564  -1.35532  -0.571463  -0.249573  
-0.260974  -0.552724  -1.2673  -2.37513  -3.80672  -5.4807  -7.31054  -9.21392  -11.1173  -12.959  -14.6892  -16.2695  -17.6716  -18.8754  -19.8683  -20.6444  -21.2062  -21.5687  -21.7671  -21.8504  -21.8497  -21.7653  -21.5656  -21.2019  -20.6388  -19.8613  -18.8671  -17.6619  -16.2585  -14.6767  -12.945  -11.1017  -9.19668  -7.29161  -5.46003  -3.78422  -2.35075  -1.24098  -0.524384  -0.23056  
-0.245623  -0.506134  -1.14561  -2.14041  -3.43214  -4.95133  -6.62242  -8.37183  -10.1322  -11.8453  -13.4632  -14.9476  -16.2695  -17.4078  -18.3484  -19.0838  -19.6145  -19.9533  -20.1348  -20.2093  -20.2086  -20.1327  -19.9498  -19.6095  -19.0774  -18.3405  -17.3984  -16.2585  -14.9349  -13.4488  -11.8292  -10.1142  -8.352  -6.60062  -4.92749  -3.40618  -2.11224  -1.11515  -0.47331  -0.21035  
-0.229891  -0.457421  -1.0168  -1.89002  -3.02965  -4.37834  -5.87215  -7.44721  -9.04331  -10.607  -12.0927  -13.4632  -14.6892  -15.7487  -16.6263  -17.3127  -17.8066  -18.1181  -18.2804  -18.3452  -18.3444  -18.278  -18.1141  -17.801  -17.3054  -16.6173  -15.738  -14.6767  -13.4488  -12.0764  -10.5887  -9.02293  -7.42467  -5.84735  -4.35119  -3.00005  -1.85786  -0.981974  -0.419833  -0.189436  
-0.214293  -0.408202  -0.88514  -1.63211  -2.612  -3.77917  -5.08142  -6.46511  -7.87815  -9.27278  -10.607  -11.8453  -12.959  -13.9255  -14.7285  -15.3572  -15.8082  -16.0889  -16.2302  -16.2848  -16.2839  -16.2275  -16.0844  -15.8019  -15.349  -14.7184  -13.9135  -12.945  -11.8292  -10.5887  -9.25222  -7.85524  -6.43974  -5.05348  -3.74854  -2.57855  -1.59571  -0.84567  -0.365526  -0.168284  
-0.199297  -0.360016  -0.754838  -1.37495  -2.1925  -3.17259  -4.27432  -5.45439  -6.66938  -7.87815  -9.04331  -10.1322  -11.1173  -11.9765  -12.6929  -13.2547  -13.6567  -13.9033  -14.0225  -14.0666  -14.0657  -14.0195  -13.8983  -13.6497  -13.2457  -12.6817  -11.9632  -11.1017  -10.1142  -9.02293  -7.85524  -6.64381  -5.42604  -4.24306  -3.13827  -2.15496  -1.33405  -0.710403  -0.311882  -0.147301  
-0.185294  -0.314244  -0.629843  -1.12655  -1.78439  -2.57795  -3.47658  -4.44691  -5.45439  -6.46511  -7.44721  -8.37183  -9.21392  -9.95245  -10.5708  -11.0569  -11.4041  -11.6139  -11.7105  -11.7447  -11.7436  -11.7072  -11.6084  -11.3964  -11.0469  -10.5585  -9.9377  -9.19668  -8.352  -7.42467  -6.43974  -5.42604  -4.41544  -3.44182  -2.53973  -1.74253  -1.08084  -0.580087  -0.260233  -0.12682  
-0.172587  -0.272072  -0.513723  -0.894384  -1.40047  -2.01446  -2.71461  -3.47658  -4.27432  -5.08142  -5.87215  -6.62242  -7.31054  -7.91773  -8.42861  -8.83137  -9.11882  -9.2902  -9.36482  -9.38994  -9.38875  -9.36123  -9.2842  -9.11037  -8.82042  -8.41509  -7.90156  -7.29161  -6.60062  -5.84735  -5.05348  -4.24306  -3.44182  -2.67617  -1.97211  -1.35399  -0.84353  -0.458245  -0.21171  -0.107076  
-0.161394  -0.234462  -0.409563  -0.685136  -1.05254  -1.50045  -2.01446  -2.57795  -3.17259  -3.77917  -4.37834  -4.95133  -5.4807  -5.95084  -6.34854  -6.66324  -6.88798  -7.02049  -7.07494  -7.09239  -7.09109  -7.07104  -7.01396  -6.87878  -6.6513  -6.33379  -5.93319  -5.46003  -4.92749  -4.35119  -3.74854  -3.13827  -2.53973  -1.97211  -1.45371  -1.00113  -0.628767  -0.347919  -0.167217  -0.0882105  
-0.151845  -0.202145  -0.31991  -0.504531  -0.750974  -1.05254  -1.40047  -1.78439  -2.1925  -2.612  -3.02965  -3.43214  -3.80672  -4.14159  -4.42653  -4.65305  -4.81523  -4.91026  -4.94736  -4.95877  -4.95736  -4.94313  -4.90318  -4.80525  -4.64009  -4.41052  -4.12241  -3.78422  -3.40618  -3.00005  -2.57855  -2.15496  -1.74253  -1.35399  -1.00113  -0.694305  -0.442239  -0.251607  -0.127423  -0.0702739  
-0.144003  -0.175646  -0.246766  -0.357248  -0.504531  -0.685136  -0.894384  -1.12655  -1.37495  -1.63211  -1.89002  -2.14041  -2.37513  -2.58641  -2.76736  -2.91207  -3.01628  -3.07751  -3.10082  -3.10783  -3.10631  -3.09625  -3.06986  -3.0055  -2.89807  -2.75004  -2.56564  -2.35075  -2.11224  -1.85786  -1.59571  -1.33405  -1.08084  -0.84353  -0.628767  -0.442239  -0.28859  -0.171263  -0.0927843  -0.0532397  
-0.137881  -0.155287  -0.191557  -0.246766  -0.31991  -0.409563  -0.513723  -0.629843  -0.754838  -0.88514  -1.0168  -1.14561  -1.2673  -1.37773  -1.47308  -1.55005  -1.60617  -1.63985  -1.65316  -1.65719  -1.65556  -1.64825  -1.63162  -1.59457  -1.53497  -1.45441  -1.35532  -1.24098  -1.11515  -0.981974  -0.84567  -0.710403  -0.580087  -0.458245  -0.347919  -0.251607  -0.171263  -0.10826  -0.0635547  -0.0370215  
-0.133457  -0.141259  -0.155287  -0.175646  -0.202145  -0.234462  -0.272072  -0.314244  -0.360016  -0.408202  -0.457421  -0.506134  -0.552724  -0.595561  -0.633121  -0.664053  -0.687305  -0.702168  -0.709048  -0.711124  -0.709374  -0.703784  -0.693345  -0.674852  -0.647865  -0.613062  -0.571463  -0.524384  -0.47331  -0.419833  -0.365526  -0.311882  -0.260233  -0.21171  -0.167217  -0.127423  -0.0927843  -0.0635547  -0.0398507  -0.0214933  
-0.130687  -0.133457  -0.137881  -0.144003  -0.151845  -0.161394  -0.172587  -0.185294  -0.199297  -0.214293  -0.229891  -0.245623  -0.260974  -0.275405  -0.28839  -0.299456  -0.308213  -0.31438  -0.317823  -0.318604  -0.316734  -0.312198  -0.30495  -0.294895  -0.282133  -0.266909  -0.249573  -0.23056  -0.21035  -0.189436  -0.168284  -0.147301  -0.12682  -0.107076  -0.0882105  -0.0702739  -0.0532397  -0.0370215  -0.0214933  -0.00649949  
